image: b1_closed_d_ideal_map_2.5.pgm
resolution: 0.025000
origin: [-20.000000, -20.000000, 0.000000]
negate: 0
occupied_thresh: 0.65
free_thresh: 0.196

