image: b1_closed_d_ideal_map_1.25.pgm
resolution: 0.012500
origin: [-20.000000, -20.000000, 0.000000]
negate: 0
occupied_thresh: 0.65
free_thresh: 0.196

